-12.3 -10.4 -2.5 5.2 13.6 18.9 21.4 19.8 13.5 6.0 -3.1 -9.5
-11.8 -9.7 -1.9 6.3 14.1 19.2 22.0 20.5 13.2 5.6 -2.9 -10.2
-13.0 -11.1 -3.3 4.8 13.0 18.5 21.0 19.0 12.7 5.2 -3.4 -10.7
-12.5 -10.5 -2.0 5.5 14.0 19.0 21.5 20.0 13.0 5.7 -2.7 -9.8
-11.2 -9.0 -1.0 6.0 14.5 20.0 22.5 21.0 14.0 6.5 -2.0 -8.5
-10.8 -8.6 -0.8 6.2 15.0 20.2 23.0 21.2 14.3 6.7 -1.8 -8.2
-12.0 -9.5 -1.5 5.8 14.2 19.5 22.2 20.7 13.7 6.0 -2.5 -9.0
-13.2 -10.8 -2.8 4.5 12.5 18.0 20.8 19.2 12.5 5.0 -3.6 -10.5
-11.9 -9.2 -1.3 6.1 14.8 20.5 23.3 21.5 14.8 6.9 -1.6 -8.0
-10.5 -8.0 -0.5 7.0 16.0 21.0 24.0 22.0 15.0 7.0 -1.0 -7.5
-12.1 -10.2 -2.3 5.3 13.8 19.1 22.1 20.2 13.6 6.1 -2.8 -9.3
